C,C#/Db,D,D#/Eb,E,F,F#/Gb,G,G#/Ab,A,A#/Bb,B,class_number
0.0,0.12884834663625996,0.11673318129988597,0.003135689851767389,0.1991163055872292,0.0,0.10832383124287344,0.002137970353477765,0.10362029646522235,0.2515678449258837,0.0,0.08651653363740022,9
0.03309796999117388,0.10061782877316858,0.10900264783759929,0.05163283318623124,0.1526919682259488,0.041924095322153576,0.11738746690203,0.04324801412180053,0.0353045013239188,0.18358340688437777,0.04501323918799647,0.08649602824360106,9
0.008292627513347722,0.028285811655117572,0.28740202203794163,0.00022719527433829378,0.06520504373509031,0.009315006247870045,0.22571850505509486,0.1184823355674202,0.00011359763716914689,0.19493354538225605,0.00011359763716914689,0.06191071225718505,2
0.0014350633819660368,0.12198038746711314,0.17746950490313324,0.0,0.12556804592202822,0.0019134178426213825,0.10212867734991629,0.11982779239416408,0.0033484812245874193,0.23941640755800048,0.0,0.10691222195646974,2
0.09454545454545454,0.0014814814814814814,0.23030303030303031,0.0,0.11084175084175084,0.0,0.041750841750841754,0.3453198653198653,0.0,0.05804713804713805,0.0009427609427609427,0.11676767676767677,7
0.007077856420626896,0.11172901921132457,0.160262891809909,0.0,0.07785642062689585,0.0010111223458038423,0.15217391304347827,0.17391304347826086,0.005055611729019211,0.179474216380182,0.028311425682507583,0.10313447927199192,2
0.21585160202360876,0.0,0.11905564924114671,0.0,0.13524451939291737,0.07217537942664418,0.0006745362563237774,0.27386172006745363,0.0003372681281618887,0.10792580101180438,0.0003372681281618887,0.0745362563237774,0
0.27386172006745363,0.0003372681281618887,0.10792580101180438,0.0003372681281618887,0.0745362563237774,0.21585160202360876,0.0,0.11905564924114671,0.0,0.13524451939291737,0.07217537942664418,0.0006745362563237774,5
0.23357371794871795,0.00040064102564102563,0.09495192307692307,0.0016025641025641025,0.0765224358974359,0.20272435897435898,0.0,0.11378205128205128,0.00040064102564102563,0.16025641025641027,0.11498397435897435,0.0008012820512820513,5
0.0008012820512820513,0.23357371794871795,0.00040064102564102563,0.09495192307692307,0.0016025641025641025,0.0765224358974359,0.20272435897435898,0.0,0.11378205128205128,0.00040064102564102563,0.16025641025641027,0.11498397435897435,6
0.27157190635451506,0.0,0.06555183946488294,0.0,0.11906354515050167,0.15986622073578596,0.0,0.16722408026755853,0.008026755852842809,0.11237458193979934,0.006688963210702341,0.08963210702341137,0
0.08963210702341137,0.27157190635451506,0.0,0.06555183946488294,0.0,0.11906354515050167,0.15986622073578596,0.0,0.16722408026755853,0.008026755852842809,0.11237458193979934,0.006688963210702341,1
0.27191943127962087,0.00533175355450237,0.15699052132701422,0.011848341232227487,0.09004739336492891,0.08945497630331753,0.002369668246445498,0.1623222748815166,0.004146919431279621,0.12203791469194313,0.002369668246445498,0.0811611374407583,0
0.15996009311606252,0.0009976720984369804,0.1466577984702361,0.0009976720984369804,0.1952111739275025,0.12936481543066178,0.0019953441968739607,0.08413701363485201,0.009976720984369804,0.1968739607582308,0.0,0.07382773528433655,21
0.07382773528433655,0.15996009311606252,0.0009976720984369804,0.1466577984702361,0.0009976720984369804,0.1952111739275025,0.12936481543066178,0.0019953441968739607,0.08413701363485201,0.009976720984369804,0.1968739607582308,0.0,22
0.0,0.07382773528433655,0.15996009311606252,0.0009976720984369804,0.1466577984702361,0.0009976720984369804,0.1952111739275025,0.12936481543066178,0.0019953441968739607,0.08413701363485201,0.009976720984369804,0.1968739607582308,23
0.1968739607582308,0.0,0.07382773528433655,0.15996009311606252,0.0009976720984369804,0.1466577984702361,0.0009976720984369804,0.1952111739275025,0.12936481543066178,0.0019953441968739607,0.08413701363485201,0.009976720984369804,12
0.009976720984369804,0.1968739607582308,0.0,0.07382773528433655,0.15996009311606252,0.0009976720984369804,0.1466577984702361,0.0009976720984369804,0.1952111739275025,0.12936481543066178,0.0019953441968739607,0.08413701363485201,13
0.08413701363485201,0.009976720984369804,0.1968739607582308,0.0,0.07382773528433655,0.15996009311606252,0.0009976720984369804,0.1466577984702361,0.0009976720984369804,0.1952111739275025,0.12936481543066178,0.0019953441968739607,14
0.0019953441968739607,0.08413701363485201,0.009976720984369804,0.1968739607582308,0.0,0.07382773528433655,0.15996009311606252,0.0009976720984369804,0.1466577984702361,0.0009976720984369804,0.1952111739275025,0.12936481543066178,15
0.12936481543066178,0.0019953441968739607,0.08413701363485201,0.009976720984369804,0.1968739607582308,0.0,0.07382773528433655,0.15996009311606252,0.0009976720984369804,0.1466577984702361,0.0009976720984369804,0.1952111739275025,16
0.1952111739275025,0.12936481543066178,0.0019953441968739607,0.08413701363485201,0.009976720984369804,0.1968739607582308,0.0,0.07382773528433655,0.15996009311606252,0.0009976720984369804,0.1466577984702361,0.0009976720984369804,17
0.0009976720984369804,0.1952111739275025,0.12936481543066178,0.0019953441968739607,0.08413701363485201,0.009976720984369804,0.1968739607582308,0.0,0.07382773528433655,0.15996009311606252,0.0009976720984369804,0.1466577984702361,18
0.1466577984702361,0.0009976720984369804,0.1952111739275025,0.12936481543066178,0.0019953441968739607,0.08413701363485201,0.009976720984369804,0.1968739607582308,0.0,0.07382773528433655,0.15996009311606252,0.0009976720984369804,19
0.0009976720984369804,0.1466577984702361,0.0009976720984369804,0.1952111739275025,0.12936481543066178,0.0019953441968739607,0.08413701363485201,0.009976720984369804,0.1968739607582308,0.0,0.07382773528433655,0.15996009311606252,20
0.13958060288335516,0.0,0.27522935779816515,0.0,0.11467889908256881,0.0,0.10353866317169069,0.14678899082568808,0.022280471821756225,0.14089121887287026,0.0,0.05701179554390563,7
0.13049962714392244,0.015659955257270694,0.11782252050708426,0.036539895600298286,0.0738255033557047,0.0894854586129754,0.019388516032811335,0.17076808351976136,0.014914243102162566,0.22296793437733034,0.042505592841163314,0.06562266964951528,21
0.06562266964951528,0.13049962714392244,0.015659955257270694,0.11782252050708426,0.036539895600298286,0.0738255033557047,0.0894854586129754,0.019388516032811335,0.17076808351976136,0.014914243102162566,0.22296793437733034,0.042505592841163314,22
0.042505592841163314,0.06562266964951528,0.13049962714392244,0.015659955257270694,0.11782252050708426,0.036539895600298286,0.0738255033557047,0.0894854586129754,0.019388516032811335,0.17076808351976136,0.014914243102162566,0.22296793437733034,23
0.22296793437733034,0.042505592841163314,0.06562266964951528,0.13049962714392244,0.015659955257270694,0.11782252050708426,0.036539895600298286,0.0738255033557047,0.0894854586129754,0.019388516032811335,0.17076808351976136,0.014914243102162566,12
0.014914243102162566,0.22296793437733034,0.042505592841163314,0.06562266964951528,0.13049962714392244,0.015659955257270694,0.11782252050708426,0.036539895600298286,0.0738255033557047,0.0894854586129754,0.019388516032811335,0.17076808351976136,13
0.17076808351976136,0.014914243102162566,0.22296793437733034,0.042505592841163314,0.06562266964951528,0.13049962714392244,0.015659955257270694,0.11782252050708426,0.036539895600298286,0.0738255033557047,0.0894854586129754,0.019388516032811335,14
0.019388516032811335,0.17076808351976136,0.014914243102162566,0.22296793437733034,0.042505592841163314,0.06562266964951528,0.13049962714392244,0.015659955257270694,0.11782252050708426,0.036539895600298286,0.0738255033557047,0.0894854586129754,15
0.0894854586129754,0.019388516032811335,0.17076808351976136,0.014914243102162566,0.22296793437733034,0.042505592841163314,0.06562266964951528,0.13049962714392244,0.015659955257270694,0.11782252050708426,0.036539895600298286,0.0738255033557047,16
0.0738255033557047,0.0894854586129754,0.019388516032811335,0.17076808351976136,0.014914243102162566,0.22296793437733034,0.042505592841163314,0.06562266964951528,0.13049962714392244,0.015659955257270694,0.11782252050708426,0.036539895600298286,17
0.036539895600298286,0.0738255033557047,0.0894854586129754,0.019388516032811335,0.17076808351976136,0.014914243102162566,0.22296793437733034,0.042505592841163314,0.06562266964951528,0.13049962714392244,0.015659955257270694,0.11782252050708426,18
0.11782252050708426,0.036539895600298286,0.0738255033557047,0.0894854586129754,0.019388516032811335,0.17076808351976136,0.014914243102162566,0.22296793437733034,0.042505592841163314,0.06562266964951528,0.13049962714392244,0.015659955257270694,19
0.015659955257270694,0.11782252050708426,0.036539895600298286,0.0738255033557047,0.0894854586129754,0.019388516032811335,0.17076808351976136,0.014914243102162566,0.22296793437733034,0.042505592841163314,0.06562266964951528,0.13049962714392244,20
0.14309444708115804,0.006644518272425249,0.1687233032747983,0.0,0.14807783578547698,0.005220692928334125,0.04817275747508306,0.19648789748457524,0.0,0.17726625533934504,0.00047460844803037496,0.10583768391077361,7
0.041193882585101135,0.07030093734583127,0.11544153922052294,0.08880118401578688,0.09422792303897386,0.001726689689195856,0.1107548100641342,0.0892945239269857,0.1110014800197336,0.07819437592501233,0.012826837691169216,0.18623581647755302,7
0.13837886251679354,0.0,0.18808777429467086,0.0,0.10747872816838334,0.0017913121361397223,0.12494402149574563,0.20689655172413793,0.0,0.11509180474697717,0.0,0.11733094491715182,7
0.15278257863809194,0.009505703422053232,0.11769789146215001,0.00985136536467335,0.19374351883857588,0.18199101278949187,0.00985136536467335,0.1609056342896647,0.0003456619426201175,0.051330798479087454,0.0019011406844106464,0.11009332872450743,0
0.19374351883857588,0.18199101278949187,0.00985136536467335,0.1609056342896647,0.0003456619426201175,0.051330798479087454,0.0019011406844106464,0.11009332872450743,0.15278257863809194,0.009505703422053232,0.11769789146215001,0.00985136536467335,8
0.0,0.07773279352226721,0.03076923076923077,0.151417004048583,0.11659919028340081,0.0,0.23643724696356275,0.05506072874493927,0.06315789473684211,0.016194331983805668,0.12955465587044535,0.12307692307692308,11
0.008370535714285714,0.1875,0.005580357142857143,0.15569196428571427,0.0,0.0546875,0.17243303571428573,0.0,0.15011160714285715,0.0,0.19419642857142858,0.07142857142857142,1
0.0005841121495327102,0.2071651090342679,0.014602803738317757,0.12792056074766356,0.05646417445482866,0.07671339563862928,0.13200934579439252,0.01499221183800623,0.19411993769470404,0.015771028037383176,0.04848130841121495,0.1111760124610592,6
0.13200934579439252,0.01499221183800623,0.19411993769470404,0.015771028037383176,0.04848130841121495,0.1111760124610592,0.0005841121495327102,0.2071651090342679,0.014602803738317757,0.12792056074766356,0.05646417445482866,0.07671339563862928,0
0.16781002638522427,0.02163588390501319,0.12717678100263852,0.006860158311345646,0.10765171503957784,0.13614775725593667,0.017414248021108178,0.22058047493403693,0.008443271767810026,0.07968337730870713,0.022691292875989446,0.08390501319261214,0
0.11575408261287223,0.007684918347742555,0.1299231508165226,0.0004803073967339097,0.20028818443804033,0.0,0.07973102785782901,0.21902017291066284,0.0,0.10134486071085495,0.0,0.1457732949087416,7
0.24489795918367346,0.0,0.05142857142857143,0.0016326530612244899,0.18612244897959185,0.13183673469387755,0.0008163265306122449,0.223265306122449,0.0008163265306122449,0.09714285714285714,0.01183673469387755,0.05020408163265306,0
0.3009950248756219,0.0,0.05804311774461028,0.0,0.09950248756218906,0.09038142620232173,0.0,0.3092868988391376,0.0,0.06716417910447761,0.0,0.07462686567164178,0
0.12463343108504399,0.0,0.12903225806451613,0.10410557184750734,0.0,0.20161290322580644,0.0036656891495601175,0.12609970674486803,0.0,0.07404692082111437,0.2368035190615836,0.0,10
0.0,0.07404692082111437,0.2368035190615836,0.0,0.12463343108504399,0.0,0.12903225806451613,0.10410557184750734,0.0,0.20161290322580644,0.0036656891495601175,0.12609970674486803,2
0.2929042904290429,0.00825082508250825,0.0891089108910891,0.0,0.11468646864686469,0.13448844884488448,0.012376237623762377,0.22607260726072606,0.0049504950495049506,0.06930693069306931,0.0,0.04785478547854786,0
0.012376237623762377,0.22607260726072606,0.0049504950495049506,0.06930693069306931,0.0,0.04785478547854786,0.2929042904290429,0.00825082508250825,0.0891089108910891,0.0,0.11468646864686469,0.13448844884488448,6
0.0,0.0583363341735686,0.25099027727763773,0.0014404033129276198,0.1389989196975153,0.0021606049693914295,0.19697515304285199,0.08210298883687432,0.013683831472812387,0.18005041411595246,0.0028808066258552397,0.07238026647461289,2
0.20393610952652597,0.005419281232173417,0.07073588134626355,0.004848830576155163,0.12093553907586994,0.09612093553907587,0.006560182544209926,0.3320022818026241,0.003993154592127781,0.042213348545350825,0.00713063320022818,0.10610382201939532,0
0.12093553907586994,0.09612093553907587,0.006560182544209926,0.3320022818026241,0.003993154592127781,0.042213348545350825,0.00713063320022818,0.10610382201939532,0.20393610952652597,0.005419281232173417,0.07073588134626355,0.004848830576155163,8
0.2909090909090909,0.0,0.06909090909090909,0.0,0.07272727272727272,0.28363636363636363,0.0,0.10181818181818182,0.0,0.11090909090909092,0.07090909090909091,0.0,5
0.07965766951942067,0.0,0.130348913759052,0.1586570111915734,0.0,0.1869651086240948,0.0,0.0836076366030283,0.06188281764318631,0.03225806451612903,0.2666227781435155,0.0,10
0.06578489383919248,0.14897319874695442,0.0015663069961712496,0.1710755308040376,0.0038287504350852765,0.12495649147232858,0.12687086668987121,0.0005221023320570832,0.16620257570483815,0.008005569091541943,0.15715280194918205,0.025060911938739994,1
0.28798087372310366,0.0,0.06433384046946317,0.002608128667680939,0.1369267550532493,0.12497283199304499,0.0,0.16844164312106064,0.007607041947402739,0.16213866550749836,0.0006520321669202348,0.04433818735057596,0
0.07129186602870813,0.09696969696969697,0.0,0.1645933014354067,0.0,0.15773524720893142,0.03987240829346093,0.06937799043062201,0.14768740031897926,0.0,0.25247208931419457,0.0,17
0.0,0.07129186602870813,0.09696969696969697,0.0,0.1645933014354067,0.0,0.15773524720893142,0.03987240829346093,0.06937799043062201,0.14768740031897926,0.0,0.25247208931419457,18
0.25247208931419457,0.0,0.07129186602870813,0.09696969696969697,0.0,0.1645933014354067,0.0,0.15773524720893142,0.03987240829346093,0.06937799043062201,0.14768740031897926,0.0,19
0.0,0.25247208931419457,0.0,0.07129186602870813,0.09696969696969697,0.0,0.1645933014354067,0.0,0.15773524720893142,0.03987240829346093,0.06937799043062201,0.14768740031897926,20
0.14768740031897926,0.0,0.25247208931419457,0.0,0.07129186602870813,0.09696969696969697,0.0,0.1645933014354067,0.0,0.15773524720893142,0.03987240829346093,0.06937799043062201,21
0.06937799043062201,0.14768740031897926,0.0,0.25247208931419457,0.0,0.07129186602870813,0.09696969696969697,0.0,0.1645933014354067,0.0,0.15773524720893142,0.03987240829346093,22
0.03987240829346093,0.06937799043062201,0.14768740031897926,0.0,0.25247208931419457,0.0,0.07129186602870813,0.09696969696969697,0.0,0.1645933014354067,0.0,0.15773524720893142,23
0.15773524720893142,0.03987240829346093,0.06937799043062201,0.14768740031897926,0.0,0.25247208931419457,0.0,0.07129186602870813,0.09696969696969697,0.0,0.1645933014354067,0.0,12
0.0,0.15773524720893142,0.03987240829346093,0.06937799043062201,0.14768740031897926,0.0,0.25247208931419457,0.0,0.07129186602870813,0.09696969696969697,0.0,0.1645933014354067,13
0.1645933014354067,0.0,0.15773524720893142,0.03987240829346093,0.06937799043062201,0.14768740031897926,0.0,0.25247208931419457,0.0,0.07129186602870813,0.09696969696969697,0.0,14
0.0,0.1645933014354067,0.0,0.15773524720893142,0.03987240829346093,0.06937799043062201,0.14768740031897926,0.0,0.25247208931419457,0.0,0.07129186602870813,0.09696969696969697,15
0.09696969696969697,0.0,0.1645933014354067,0.0,0.15773524720893142,0.03987240829346093,0.06937799043062201,0.14768740031897926,0.0,0.25247208931419457,0.0,0.07129186602870813,16
0.0,0.10520694259012016,0.052336448598130844,0.0,0.33991989319092125,0.0,0.04058744993324433,0.0,0.13244325767690254,0.1959946595460614,0.0,0.13351134846461948,9
0.0,0.04058744993324433,0.0,0.13244325767690254,0.1959946595460614,0.0,0.13351134846461948,0.0,0.10520694259012016,0.052336448598130844,0.0,0.33991989319092125,4
0.16530278232405893,0.05564648117839607,0.11456628477905073,0.014402618657937807,0.14206219312602292,0.07332242225859247,0.06415711947626841,0.07594108019639935,0.046153846153846156,0.19148936170212766,0.014075286415711947,0.04288052373158756,7
0.05564648117839607,0.11456628477905073,0.014402618657937807,0.14206219312602292,0.07332242225859247,0.06415711947626841,0.07594108019639935,0.046153846153846156,0.19148936170212766,0.014075286415711947,0.04288052373158756,0.16530278232405893,6
0.20646029609690444,0.0,0.17065948855989233,0.0,0.12893674293405114,0.0,0.06944818304172275,0.23741588156123822,0.0,0.08183041722745626,0.0,0.10524899057873485,7
0.29411764705882354,0.0,0.07155399473222125,0.00021949078138718174,0.14025460930640912,0.12554872695346794,0.007023705004389816,0.23946444249341528,0.007243195785776997,0.07879719051799824,0.015364354697102721,0.020412642669007903,0
0.14025460930640912,0.12554872695346794,0.007023705004389816,0.23946444249341528,0.007243195785776997,0.07879719051799824,0.015364354697102721,0.020412642669007903,0.29411764705882354,0.0,0.07155399473222125,0.00021949078138718174,8
0.055594405594405594,0.05314685314685315,0.19055944055944055,0.0,0.14825174825174825,0.04895104895104895,0.11433566433566433,0.08811188811188811,0.0034965034965034965,0.21783216783216783,0.025874125874125874,0.05384615384615385,9
0.0034965034965034965,0.21783216783216783,0.025874125874125874,0.05384615384615385,0.055594405594405594,0.05314685314685315,0.19055944055944055,0.0,0.14825174825174825,0.04895104895104895,0.11433566433566433,0.08811188811188811,1
0.0,0.159524467790987,0.06331213713021841,0.026817804810616533,0.16145977329278408,0.002764722145424385,0.1774951617362455,0.000552944429084877,0.08460049764998617,0.16560685651092066,0.014376555156206802,0.14348907934752558,18
0.14348907934752558,0.0,0.159524467790987,0.06331213713021841,0.026817804810616533,0.16145977329278408,0.002764722145424385,0.1774951617362455,0.000552944429084877,0.08460049764998617,0.16560685651092066,0.014376555156206802,19
0.014376555156206802,0.14348907934752558,0.0,0.159524467790987,0.06331213713021841,0.026817804810616533,0.16145977329278408,0.002764722145424385,0.1774951617362455,0.000552944429084877,0.08460049764998617,0.16560685651092066,20
0.16560685651092066,0.014376555156206802,0.14348907934752558,0.0,0.159524467790987,0.06331213713021841,0.026817804810616533,0.16145977329278408,0.002764722145424385,0.1774951617362455,0.000552944429084877,0.08460049764998617,21
0.08460049764998617,0.16560685651092066,0.014376555156206802,0.14348907934752558,0.0,0.159524467790987,0.06331213713021841,0.026817804810616533,0.16145977329278408,0.002764722145424385,0.1774951617362455,0.000552944429084877,22
0.000552944429084877,0.08460049764998617,0.16560685651092066,0.014376555156206802,0.14348907934752558,0.0,0.159524467790987,0.06331213713021841,0.026817804810616533,0.16145977329278408,0.002764722145424385,0.1774951617362455,23
0.1774951617362455,0.000552944429084877,0.08460049764998617,0.16560685651092066,0.014376555156206802,0.14348907934752558,0.0,0.159524467790987,0.06331213713021841,0.026817804810616533,0.16145977329278408,0.002764722145424385,12
0.002764722145424385,0.1774951617362455,0.000552944429084877,0.08460049764998617,0.16560685651092066,0.014376555156206802,0.14348907934752558,0.0,0.159524467790987,0.06331213713021841,0.026817804810616533,0.16145977329278408,13
0.16145977329278408,0.002764722145424385,0.1774951617362455,0.000552944429084877,0.08460049764998617,0.16560685651092066,0.014376555156206802,0.14348907934752558,0.0,0.159524467790987,0.06331213713021841,0.026817804810616533,14
0.026817804810616533,0.16145977329278408,0.002764722145424385,0.1774951617362455,0.000552944429084877,0.08460049764998617,0.16560685651092066,0.014376555156206802,0.14348907934752558,0.0,0.159524467790987,0.06331213713021841,15
0.06331213713021841,0.026817804810616533,0.16145977329278408,0.002764722145424385,0.1774951617362455,0.000552944429084877,0.08460049764998617,0.16560685651092066,0.014376555156206802,0.14348907934752558,0.0,0.159524467790987,16
0.159524467790987,0.06331213713021841,0.026817804810616533,0.16145977329278408,0.002764722145424385,0.1774951617362455,0.000552944429084877,0.08460049764998617,0.16560685651092066,0.014376555156206802,0.14348907934752558,0.0,17
0.1683861459100958,0.0,0.3865143699336772,0.006263817243920413,0.0552689756816507,0.07442888725128961,0.0,0.16028002947678702,0.0,0.1374355195283714,0.0,0.011422254974207811,2
0.0004463289444320464,0.10488730194153091,0.0015621513055121626,0.04731086810979692,0.2269582682436956,0.0004463289444320464,0.13322918991296587,0.0002231644722160232,0.09194376255300156,0.18411068957821916,0.0011158223610801161,0.2077661236331176,4
0.17137229152987524,0.006483913328956008,0.1606204858831254,0.00024622455679579775,0.12278397898883782,0.00402166776099803,0.054251477347340774,0.21897570584372947,0.00024622455679579775,0.1659553512803677,0.0018056467498358503,0.09323703217334209,7
0.24399164054336467,0.0,0.08124346917450366,0.0,0.13427377220480669,0.10867293625914315,0.01044932079414838,0.24320794148380356,0.0,0.10188087774294671,0.0,0.07628004179728318,0
0.0,0.08124346917450366,0.0,0.13427377220480669,0.10867293625914315,0.01044932079414838,0.24320794148380356,0.0,0.10188087774294671,0.0,0.07628004179728318,0.24399164054336467,11
0.01764705882352941,0.27147058823529413,0.0,0.11794117647058823,0.008529411764705883,0.10176470588235294,0.17529411764705882,0.003823529411764706,0.20647058823529413,0.0017647058823529412,0.08352941176470588,0.011764705882352941,1
0.003823529411764706,0.20647058823529413,0.0017647058823529412,0.08352941176470588,0.011764705882352941,0.01764705882352941,0.27147058823529413,0.0,0.11794117647058823,0.008529411764705883,0.10176470588235294,0.17529411764705882,6
0.19860440150295222,0.026301663982823402,0.12560386473429952,0.0026838432635534087,0.12721417069243157,0.07085346215780998,0.015566290928609769,0.237788513150832,0.013955984970477724,0.08695652173913043,0.008051529790660225,0.08641975308641975,7
0.0,0.13267203967761934,0.0015499070055796653,0.12647241165530068,0.15251084934903905,0.0,0.2014879107253565,0.0006199628022318661,0.10198388096714198,0.0,0.09640421574705518,0.18629882207067575,11
0.2927517361111111,0.001953125,0.057291666666666664,0.0,0.07335069444444445,0.14539930555555555,0.0,0.17122395833333334,0.0010850694444444445,0.14539930555555555,0.0,0.1115451388888889,21
0.1115451388888889,0.2927517361111111,0.001953125,0.057291666666666664,0.0,0.07335069444444445,0.14539930555555555,0.0,0.17122395833333334,0.0010850694444444445,0.14539930555555555,0.0,22
0.0,0.1115451388888889,0.2927517361111111,0.001953125,0.057291666666666664,0.0,0.07335069444444445,0.14539930555555555,0.0,0.17122395833333334,0.0010850694444444445,0.14539930555555555,23
0.14539930555555555,0.0,0.1115451388888889,0.2927517361111111,0.001953125,0.057291666666666664,0.0,0.07335069444444445,0.14539930555555555,0.0,0.17122395833333334,0.0010850694444444445,12
0.0010850694444444445,0.14539930555555555,0.0,0.1115451388888889,0.2927517361111111,0.001953125,0.057291666666666664,0.0,0.07335069444444445,0.14539930555555555,0.0,0.17122395833333334,13
0.17122395833333334,0.0010850694444444445,0.14539930555555555,0.0,0.1115451388888889,0.2927517361111111,0.001953125,0.057291666666666664,0.0,0.07335069444444445,0.14539930555555555,0.0,14
0.0,0.17122395833333334,0.0010850694444444445,0.14539930555555555,0.0,0.1115451388888889,0.2927517361111111,0.001953125,0.057291666666666664,0.0,0.07335069444444445,0.14539930555555555,15
0.14539930555555555,0.0,0.17122395833333334,0.0010850694444444445,0.14539930555555555,0.0,0.1115451388888889,0.2927517361111111,0.001953125,0.057291666666666664,0.0,0.07335069444444445,16
0.07335069444444445,0.14539930555555555,0.0,0.17122395833333334,0.0010850694444444445,0.14539930555555555,0.0,0.1115451388888889,0.2927517361111111,0.001953125,0.057291666666666664,0.0,17
0.0,0.07335069444444445,0.14539930555555555,0.0,0.17122395833333334,0.0010850694444444445,0.14539930555555555,0.0,0.1115451388888889,0.2927517361111111,0.001953125,0.057291666666666664,18
0.057291666666666664,0.0,0.07335069444444445,0.14539930555555555,0.0,0.17122395833333334,0.0010850694444444445,0.14539930555555555,0.0,0.1115451388888889,0.2927517361111111,0.001953125,19
0.001953125,0.057291666666666664,0.0,0.07335069444444445,0.14539930555555555,0.0,0.17122395833333334,0.0010850694444444445,0.14539930555555555,0.0,0.1115451388888889,0.2927517361111111,20
0.048783747661053194,0.17535418337342956,0.016974071103982892,0.13191659983961507,0.08420208500400962,0.030606789628441593,0.07203956161454157,0.041299117882919005,0.23376102646351243,0.0541299117882919,0.046912590216519647,0.06402031542368351,1
0.15761094981335547,0.010369141435089175,0.17420157610949813,0.011613438407299876,0.14516798009124846,0.12982165076731647,0.0,0.1542928245541269,0.006636250518457071,0.10700953961012029,0.006636250518457071,0.0966403981750311,0
0.012141280353200883,0.13024282560706402,0.1423841059602649,0.026490066225165563,0.1153421633554084,0.017660044150110375,0.13024282560706402,0.1098233995584989,0.0005518763796909492,0.1815673289183223,0.012141280353200883,0.12141280353200883,2
0.1153421633554084,0.017660044150110375,0.13024282560706402,0.1098233995584989,0.0005518763796909492,0.1815673289183223,0.012141280353200883,0.12141280353200883,0.012141280353200883,0.13024282560706402,0.1423841059602649,0.026490066225165563,10
0.24399164054336467,0.0,0.08124346917450366,0.0,0.13427377220480669,0.10867293625914315,0.01044932079414838,0.24320794148380356,0.0,0.10188087774294671,0.0,0.07628004179728318,0
0.25,0.0,0.10060975609756098,0.009908536585365854,0.06478658536585366,0.3163109756097561,0.0,0.051067073170731704,0.0,0.13719512195121952,0.0701219512195122,0.0,5
0.12094763092269327,0.0,0.06982543640897755,0.12998753117206982,0.0,0.07263092269326683,0.0,0.14214463840399003,0.2169576059850374,0.0,0.24750623441396508,0.0,12
0.0,0.12094763092269327,0.0,0.06982543640897755,0.12998753117206982,0.0,0.07263092269326683,0.0,0.14214463840399003,0.2169576059850374,0.0,0.24750623441396508,13
0.24750623441396508,0.0,0.12094763092269327,0.0,0.06982543640897755,0.12998753117206982,0.0,0.07263092269326683,0.0,0.14214463840399003,0.2169576059850374,0.0,14
0.0,0.24750623441396508,0.0,0.12094763092269327,0.0,0.06982543640897755,0.12998753117206982,0.0,0.07263092269326683,0.0,0.14214463840399003,0.2169576059850374,15
0.2169576059850374,0.0,0.24750623441396508,0.0,0.12094763092269327,0.0,0.06982543640897755,0.12998753117206982,0.0,0.07263092269326683,0.0,0.14214463840399003,16
0.14214463840399003,0.2169576059850374,0.0,0.24750623441396508,0.0,0.12094763092269327,0.0,0.06982543640897755,0.12998753117206982,0.0,0.07263092269326683,0.0,17
0.0,0.14214463840399003,0.2169576059850374,0.0,0.24750623441396508,0.0,0.12094763092269327,0.0,0.06982543640897755,0.12998753117206982,0.0,0.07263092269326683,18
0.07263092269326683,0.0,0.14214463840399003,0.2169576059850374,0.0,0.24750623441396508,0.0,0.12094763092269327,0.0,0.06982543640897755,0.12998753117206982,0.0,19
0.0,0.07263092269326683,0.0,0.14214463840399003,0.2169576059850374,0.0,0.24750623441396508,0.0,0.12094763092269327,0.0,0.06982543640897755,0.12998753117206982,20
0.12998753117206982,0.0,0.07263092269326683,0.0,0.14214463840399003,0.2169576059850374,0.0,0.24750623441396508,0.0,0.12094763092269327,0.0,0.06982543640897755,21
0.06982543640897755,0.12998753117206982,0.0,0.07263092269326683,0.0,0.14214463840399003,0.2169576059850374,0.0,0.24750623441396508,0.0,0.12094763092269327,0.0,22
0.0,0.06982543640897755,0.12998753117206982,0.0,0.07263092269326683,0.0,0.14214463840399003,0.2169576059850374,0.0,0.24750623441396508,0.0,0.12094763092269327,23
0.15245799626633477,0.00715619166148102,0.10734287492221531,0.10734287492221531,0.003422526446795271,0.15774735532047293,0.01462352209085252,0.1823273179838208,0.03982576228998133,0.08151835718730553,0.13907902924704418,0.00715619166148102,19
0.00715619166148102,0.15245799626633477,0.00715619166148102,0.10734287492221531,0.10734287492221531,0.003422526446795271,0.15774735532047293,0.01462352209085252,0.1823273179838208,0.03982576228998133,0.08151835718730553,0.13907902924704418,20
0.13907902924704418,0.00715619166148102,0.15245799626633477,0.00715619166148102,0.10734287492221531,0.10734287492221531,0.003422526446795271,0.15774735532047293,0.01462352209085252,0.1823273179838208,0.03982576228998133,0.08151835718730553,21
0.08151835718730553,0.13907902924704418,0.00715619166148102,0.15245799626633477,0.00715619166148102,0.10734287492221531,0.10734287492221531,0.003422526446795271,0.15774735532047293,0.01462352209085252,0.1823273179838208,0.03982576228998133,22
0.03982576228998133,0.08151835718730553,0.13907902924704418,0.00715619166148102,0.15245799626633477,0.00715619166148102,0.10734287492221531,0.10734287492221531,0.003422526446795271,0.15774735532047293,0.01462352209085252,0.1823273179838208,23
0.1823273179838208,0.03982576228998133,0.08151835718730553,0.13907902924704418,0.00715619166148102,0.15245799626633477,0.00715619166148102,0.10734287492221531,0.10734287492221531,0.003422526446795271,0.15774735532047293,0.01462352209085252,12
0.01462352209085252,0.1823273179838208,0.03982576228998133,0.08151835718730553,0.13907902924704418,0.00715619166148102,0.15245799626633477,0.00715619166148102,0.10734287492221531,0.10734287492221531,0.003422526446795271,0.15774735532047293,13
0.15774735532047293,0.01462352209085252,0.1823273179838208,0.03982576228998133,0.08151835718730553,0.13907902924704418,0.00715619166148102,0.15245799626633477,0.00715619166148102,0.10734287492221531,0.10734287492221531,0.003422526446795271,14
0.003422526446795271,0.15774735532047293,0.01462352209085252,0.1823273179838208,0.03982576228998133,0.08151835718730553,0.13907902924704418,0.00715619166148102,0.15245799626633477,0.00715619166148102,0.10734287492221531,0.10734287492221531,15
0.10734287492221531,0.003422526446795271,0.15774735532047293,0.01462352209085252,0.1823273179838208,0.03982576228998133,0.08151835718730553,0.13907902924704418,0.00715619166148102,0.15245799626633477,0.00715619166148102,0.10734287492221531,16
0.10734287492221531,0.10734287492221531,0.003422526446795271,0.15774735532047293,0.01462352209085252,0.1823273179838208,0.03982576228998133,0.08151835718730553,0.13907902924704418,0.00715619166148102,0.15245799626633477,0.00715619166148102,17
0.00715619166148102,0.10734287492221531,0.10734287492221531,0.003422526446795271,0.15774735532047293,0.01462352209085252,0.1823273179838208,0.03982576228998133,0.08151835718730553,0.13907902924704418,0.00715619166148102,0.15245799626633477,18
0.004689611318655115,0.05571894126063111,0.27056672760511885,0.0,0.07368253715920833,0.0003179397504172959,0.14005246005881886,0.1322629361735951,7.948493760432397e-05,0.2496621890151816,7.948493760432397e-05,0.0728876877831651,2
0.05862953462806889,0.004763649688530597,0.158299743495786,0.0014657383657017222,0.21802858189813118,0.00036643459142543056,0.11359472334188347,0.19384389886405276,0.004030780505679736,0.11909124221326493,0.0007328691828508611,0.1271528032246244,16
0.1271528032246244,0.05862953462806889,0.004763649688530597,0.158299743495786,0.0014657383657017222,0.21802858189813118,0.00036643459142543056,0.11359472334188347,0.19384389886405276,0.004030780505679736,0.11909124221326493,0.0007328691828508611,17
0.0007328691828508611,0.1271528032246244,0.05862953462806889,0.004763649688530597,0.158299743495786,0.0014657383657017222,0.21802858189813118,0.00036643459142543056,0.11359472334188347,0.19384389886405276,0.004030780505679736,0.11909124221326493,18
0.11909124221326493,0.0007328691828508611,0.1271528032246244,0.05862953462806889,0.004763649688530597,0.158299743495786,0.0014657383657017222,0.21802858189813118,0.00036643459142543056,0.11359472334188347,0.19384389886405276,0.004030780505679736,19
0.004030780505679736,0.11909124221326493,0.0007328691828508611,0.1271528032246244,0.05862953462806889,0.004763649688530597,0.158299743495786,0.0014657383657017222,0.21802858189813118,0.00036643459142543056,0.11359472334188347,0.19384389886405276,20
0.19384389886405276,0.004030780505679736,0.11909124221326493,0.0007328691828508611,0.1271528032246244,0.05862953462806889,0.004763649688530597,0.158299743495786,0.0014657383657017222,0.21802858189813118,0.00036643459142543056,0.11359472334188347,21
0.11359472334188347,0.19384389886405276,0.004030780505679736,0.11909124221326493,0.0007328691828508611,0.1271528032246244,0.05862953462806889,0.004763649688530597,0.158299743495786,0.0014657383657017222,0.21802858189813118,0.00036643459142543056,22
0.00036643459142543056,0.11359472334188347,0.19384389886405276,0.004030780505679736,0.11909124221326493,0.0007328691828508611,0.1271528032246244,0.05862953462806889,0.004763649688530597,0.158299743495786,0.0014657383657017222,0.21802858189813118,23
0.21802858189813118,0.00036643459142543056,0.11359472334188347,0.19384389886405276,0.004030780505679736,0.11909124221326493,0.0007328691828508611,0.1271528032246244,0.05862953462806889,0.004763649688530597,0.158299743495786,0.0014657383657017222,12
0.0014657383657017222,0.21802858189813118,0.00036643459142543056,0.11359472334188347,0.19384389886405276,0.004030780505679736,0.11909124221326493,0.0007328691828508611,0.1271528032246244,0.05862953462806889,0.004763649688530597,0.158299743495786,13
0.158299743495786,0.0014657383657017222,0.21802858189813118,0.00036643459142543056,0.11359472334188347,0.19384389886405276,0.004030780505679736,0.11909124221326493,0.0007328691828508611,0.1271528032246244,0.05862953462806889,0.004763649688530597,14
0.004763649688530597,0.158299743495786,0.0014657383657017222,0.21802858189813118,0.00036643459142543056,0.11359472334188347,0.19384389886405276,0.004030780505679736,0.11909124221326493,0.0007328691828508611,0.1271528032246244,0.05862953462806889,15
0.019332161687170474,0.19595782073813708,0.019332161687170474,0.07644991212653779,0.03427065026362039,0.06239015817223199,0.13005272407732865,0.0035149384885764497,0.21528998242530756,0.027240773286467488,0.10017574692442882,0.11599297012302284,6
0.027240773286467488,0.10017574692442882,0.11599297012302284,0.019332161687170474,0.19595782073813708,0.019332161687170474,0.07644991212653779,0.03427065026362039,0.06239015817223199,0.13005272407732865,0.0035149384885764497,0.21528998242530756,9
0.1665592091124006,0.009671179883945842,0.10530840318074361,0.0019342359767891683,0.16269073715882226,0.08983451536643026,0.013539651837524178,0.1745110681280894,0.052869116698903935,0.06039114549752848,0.007522028798624543,0.15516870836019772,0
0.08417964342134958,0.2536673437147371,0.0,0.06815617242157526,0.08824193184382757,0.008124576844955992,0.1466937485894832,0.009478672985781991,0.21236741141954413,0.0753780185059806,0.025953509365831642,0.027758970886932972,1
0.11650485436893204,0.019417475728155338,0.2238403451995685,0.002696871628910464,0.08090614886731391,0.020496224379719527,0.06040992448759439,0.23570658036677455,0.008090614886731391,0.1186623516720604,0.011326860841423949,0.10194174757281553,7
0.11420310805926996,0.0,0.23165883628478495,0.0003614022406938923,0.1076978677267799,0.0003614022406938923,0.09721720274665703,0.18431514275388508,0.0,0.15178894109143476,0.0007228044813877846,0.11167329237441272,7
0.11504161712247325,0.0047562425683709865,0.25802615933412604,0.00029726516052318666,0.09155766944114149,0.0011890606420927466,0.10374554102259215,0.22413793103448276,0.00029726516052318666,0.08353151010701546,0.0005945303210463733,0.11682520808561236,7
0.2066982408660352,0.0,0.12516914749661706,0.0,0.19113667117726657,0.05953991880920163,0.0,0.17692828146143438,0.0,0.19113667117726657,0.0,0.04939106901217862,7
0.23601177955405975,0.004206983592763988,0.09129154396297855,0.0,0.16281026503996635,0.07909129154396298,0.0012620950778291964,0.20866638620109382,0.005889777029869584,0.1076987799747581,0.007572570466975179,0.09549852755574254,0
0.14091403699673558,0.0941240478781284,0.0007254261878853826,0.27022125498730504,0.0,0.02792890823358723,0.0025389916575988395,0.025208560029017047,0.36906057308668844,0.0,0.06927820094305405,0.0,8
0.0007254261878853826,0.27022125498730504,0.0,0.02792890823358723,0.0025389916575988395,0.025208560029017047,0.36906057308668844,0.0,0.06927820094305405,0.0,0.14091403699673558,0.0941240478781284,6
0.15939278937381404,0.0,0.0730550284629981,0.0,0.12286527514231499,0.0944022770398482,0.0,0.10246679316888045,0.003320683111954459,0.3021821631878558,0.016129032258064516,0.12618595825426945,21
0.12618595825426945,0.15939278937381404,0.0,0.0730550284629981,0.0,0.12286527514231499,0.0944022770398482,0.0,0.10246679316888045,0.003320683111954459,0.3021821631878558,0.016129032258064516,22
0.016129032258064516,0.12618595825426945,0.15939278937381404,0.0,0.0730550284629981,0.0,0.12286527514231499,0.0944022770398482,0.0,0.10246679316888045,0.003320683111954459,0.3021821631878558,23
0.3021821631878558,0.016129032258064516,0.12618595825426945,0.15939278937381404,0.0,0.0730550284629981,0.0,0.12286527514231499,0.0944022770398482,0.0,0.10246679316888045,0.003320683111954459,12
0.003320683111954459,0.3021821631878558,0.016129032258064516,0.12618595825426945,0.15939278937381404,0.0,0.0730550284629981,0.0,0.12286527514231499,0.0944022770398482,0.0,0.10246679316888045,13
0.10246679316888045,0.003320683111954459,0.3021821631878558,0.016129032258064516,0.12618595825426945,0.15939278937381404,0.0,0.0730550284629981,0.0,0.12286527514231499,0.0944022770398482,0.0,14
0.0,0.10246679316888045,0.003320683111954459,0.3021821631878558,0.016129032258064516,0.12618595825426945,0.15939278937381404,0.0,0.0730550284629981,0.0,0.12286527514231499,0.0944022770398482,15
0.0944022770398482,0.0,0.10246679316888045,0.003320683111954459,0.3021821631878558,0.016129032258064516,0.12618595825426945,0.15939278937381404,0.0,0.0730550284629981,0.0,0.12286527514231499,16
0.12286527514231499,0.0944022770398482,0.0,0.10246679316888045,0.003320683111954459,0.3021821631878558,0.016129032258064516,0.12618595825426945,0.15939278937381404,0.0,0.0730550284629981,0.0,17
0.0,0.12286527514231499,0.0944022770398482,0.0,0.10246679316888045,0.003320683111954459,0.3021821631878558,0.016129032258064516,0.12618595825426945,0.15939278937381404,0.0,0.0730550284629981,18
0.0730550284629981,0.0,0.12286527514231499,0.0944022770398482,0.0,0.10246679316888045,0.003320683111954459,0.3021821631878558,0.016129032258064516,0.12618595825426945,0.15939278937381404,0.0,19
0.0,0.0730550284629981,0.0,0.12286527514231499,0.0944022770398482,0.0,0.10246679316888045,0.003320683111954459,0.3021821631878558,0.016129032258064516,0.12618595825426945,0.15939278937381404,20
0.01733232856066315,0.06706857573474001,0.2192916352675207,0.011303692539562924,0.12584777694046723,0.01281085154483798,0.1281085154483798,0.12207987942727958,0.019593067068575734,0.20949510173323285,0.0007535795026375283,0.06631499623210249,2
0.01827579841240539,0.09599409267122024,0.03618238877607532,0.0727339856008861,0.16355916558980985,0.010891637437696142,0.21838656082702604,0.025290751338379176,0.10651652206018092,0.09784013291489754,0.01661436219309581,0.13771460217832748,4
0.0727339856008861,0.16355916558980985,0.010891637437696142,0.21838656082702604,0.025290751338379176,0.10651652206018092,0.09784013291489754,0.01661436219309581,0.13771460217832748,0.01827579841240539,0.09599409267122024,0.03618238877607532,1
